canvas 0 0 800 800
shape R4 rectangle
shape R1 rectangle
shape R3 rectangle
shape R2 rectangle
motion R4 1 0 0 200 800 0 0 0 16 200 0 200 800 0 0 0
motion R1 1 200 600 200 200 0 0 0 16 0 600 200 200 0 0 0
motion R3 1 400 200 200 600 0 0 0 16 400 200 200 600 0 0 0
motion R2 1 600 400 200 400 0 0 0 16 600 400 200 400 0 0 0
motion R1 16 0 600 200 200 0 0 0 31 0 600 200 200 0 0 0
motion R4 16 200 0 200 800 0 0 0 31 400 0 200 800 0 0 0
motion R3 16 400 200 200 600 0 0 0 31 200 200 200 600 0 0 0
motion R2 16 600 400 200 400 0 0 0 31 600 400 200 400 0 0 0
motion R1 31 0 600 200 200 0 0 0 46 0 600 200 200 0 0 0
motion R3 31 200 200 200 600 0 0 0 46 200 200 200 600 0 0 0
motion R4 31 400 0 200 800 0 0 0 46 600 0 200 800 0 0 0
motion R2 31 600 400 200 400 0 0 0 46 400 400 200 400 0 0 0
motion R1 46 0 600 200 200 0 0 0 61 0 600 200 200 0 0 0
motion R3 46 200 200 200 600 0 0 0 61 400 200 200 600 0 0 0
motion R2 46 400 400 200 400 0 0 0 61 200 400 200 400 0 0 0
motion R4 46 600 0 200 800 0 0 0 61 600 0 200 800 0 0 0
motion R1 61 0 600 200 200 0 0 0 76 0 600 200 200 0 0 0
motion R2 61 200 400 200 400 0 0 0 76 200 400 200 400 0 0 0
motion R3 61 400 200 200 600 0 0 0 76 400 200 200 600 0 0 0
motion R4 61 600 0 200 800 0 0 0 76 600 0 200 800 0 0 0
