canvas 0 0 800 800
shape background rectangle
shape B0 rectangle

motion background 1 0 0 800 800 0 0 0 1 0 0 800 800 0 0 0

motion B0 1 0 0 60 60 255 0 0 1 0 0 60 60 255 0 0
motion B0 1 0 0 60 60 255 0 0 49 290 740 60 60 255 0 0

motion B0 49 290 740 60 60 255 0 0 50 290 740 60 60 0 255 0
motion B0 50 290 740 60 60 0 255 0 99 700 0 60 60 0 255 0

motion B0 99 700 0 60 60 0 255 0 100 700 0 60 60 0 0 255
motion B0 100 700 0 60 60 0 0 255 149 740 40 60 60 0 0 255

motion B0 149 740 40 60 60 0 0 255 150 740 40 60 60 255 0 0
motion B0 150 740 40 60 60 255 0 0 199 300 740 60 60 255 0 0

motion B0 199 300 740 60 60 255 0 0 200 300 740 60 60 0 255 0
motion B0 200 300 740 60 60 0 255 0 249 0 340 60 60 0 255 0

motion B0 249 0 340 60 60 0 255 0 250 0 340 60 60 0 0 255
motion B0 250 0 340 60 60 0 0 255 299 0 200 60 60 0 0 255

motion B0 299 0 200 60 60 0 0 255 300 0 200 0 60 255 0 0
motion B0 300 0 200 60 60 255 0 0 349 680 740 60 60 255 0 0

motion B0 349 680 740 60 60 255 0 0 350 680 740 60 60 0 255 0
motion B0 350 680 740 60 60 0 255 0 399 740 650 60 60 0 255 0

motion B0 399 740 650 60 60 0 255 0 400 740 650 60 60 0 0 255
motion B0 400 740 650 60 60 0 0 255 449 0 0 60 60 0 0 255

motion B0 449 0 0 60 60 0 0 255 450 0 0 60 60 255 0 0
motion B0 450 0 0 60 60 255 0 0 500 0 0 60 60 255 0 0

motion background 1 0 0 800 800 0 0 0 500 0 0 800 800 0 0 0